1
250 250 12 80.4672 6
800 1000
1000 
810 815 817 
813 815 818 
811 815 816 
811 813 817 
814 816 818 
813 814 818 
815 816 817 
812 813 
815 
810 814 817 
36 38 
35 37 
30 36 39 
30 32 33 
30 31 33 
34 39 
37 
30 
31 32 38 
32 34 36 
397 398 399 
395 398 399 
390 396 397 
395 396 399 
393 396 398 
391 
394 396 397 
390 392 396 
393 395 398 
392 396 
12 14 16 
11 15 19 
10 12 17 
12 13 16 
12 16 
14 16 
13 17 19 
18 
10 12 15 
11 14 18 
440 442 448 
445 449 
443 447 448 
440 445 447 
443 444 448 
440 444 446 
442 446 449 
440 442 
443 446 448 
445 447 
601 604 606 
602 606 609 
603 609 
601 603 605 
600 603 
605 606 607 
604 605 609 
602 603 606 
600 603 609 
604 605 606 
592 594 598 
593 597 599 
590 595 
590 592 599 
590 591 599 
590 593 595 
596 
590 596 599 
591 598 
592 593 598 
540 542 546 
545 549 
543 
542 546 549 
544 545 546 
542 547 549 
541 548 
544 546 548 
541 546 
545 546 549 
986 987 
989 
982 984 987 
985 988 989 
980 981 987 
984 985 989 
981 985 988 
980 982 
984 986 988 
988 
250 252 256 
251 
255 257 259 
251 253 254 
251 252 256 
250 254 259 
252 254 259 
251 258 259 
251 256 257 
250 252 254 
808 
800 802 806 
801 806 808 
803 809 
804 807 808 
800 802 
800 806 808 
801 803 805 
800 804 805 
800 805 
182 186 
182 186 
182 184 185 
182 183 
183 184 187 
182 183 184 
186 188 
181 182 184 
182 186 189 
184 185 
854 855 856 
853 856 858 
854 855 857 
850 858 859 
852 854 
850 851 859 
851 852 853 
853 854 858 
850 855 858 
851 853 858 
344 347 
340 349 
348 349 
349 
346 349 
342 343 
346 347 
342 343 346 
340 341 344 
344 348 
0 4 9 
8 9 
2 5 9 
4 8 9 
0 4 6 
2 4 9 
2 6 8 
1 
0 6 8 
2 3 8 
64 66 69 
61 69 
60 65 68 
63 66 
64 
60 64 67 
60 62 69 
60 65 66 
63 65 67 
60 61 66 
221 223 227 
222 223 229 
220 225 226 
226 227 228 
223 229 
221 225 
222 223 229 
223 227 229 
223 224 225 
222 223 225 
233 235 
230 233 
233 237 
236 237 239 
233 234 
231 234 237 
231 235 237 
231 232 238 
230 234 236 
231 238 239 
840 841 843 
843 844 
843 845 
843 848 
842 846 848 
840 842 848 
841 843 849 
841 842 849 
841 845 846 
841 842 849 
314 315 317 
310 314 316 
310 315 317 
312 313 314 
312 317 318 
315 317 319 
310 311 315 
317 318 
310 
312 315 318 
281 282 
280 281 284 
280 281 289 
283 284 287 
282 285 287 
282 
283 284 289 
282 286 288 
282 287 289 
281 283 
530 532 538 
534 
536 
537 538 
531 535 538 
530 531 535 
530 535 537 
530 535 536 
534 539 
533 538 
260 264 266 
261 264 268 
262 263 268 
261 263 267 
265 269 
267 268 
260 261 265 
260 265 269 
261 269 
264 266 268 
873 876 877 
873 875 879 
874 875 879 
870 871 877 
873 874 
871 875 878 
871 872 876 
871 874 877 
873 878 
870 873 877 
70 75 78 
72 78 
75 77 79 
73 74 76 
74 78 
70 73 79 
72 74 79 
73 74 79 
71 76 79 
77 78 
301 307 308 
300 301 309 
300 307 308 
302 306 308 
302 303 
300 304 307 
301 305 306 
300 301 307 
302 304 305 
301 305 
681 683 
681 688 
680 682 689 
683 684 688 
683 687 688 
686 688 689 
680 683 
680 681 687 
680 688 689 
687 688 
912 915 918 
911 914 915 
914 916 919 
912 915 918 
910 913 918 
916 917 
913 917 919 
915 917 919 
919 
911 912 914 
151 152 154 
153 
151 158 
151 155 
150 152 159 
152 156 157 
153 157 
151 152 157 
150 156 
150 152 153 
892 893 899 
890 892 893 
894 896 899 
897 898 899 
892 894 
890 896 899 
891 898 899 
892 893 
894 895 896 
896 899 
673 674 675 
670 675 
673 675 
670 672 674 
671 
670 674 679 
677 678 
670 677 
671 
676 677 678 
380 
381 386 388 
385 
382 
383 384 387 
382 383 
380 385 
380 386 
385 388 389 
382 383 388 
501 507 
500 503 
502 505 506 
503 504 508 
501 502 506 
506 509 
507 
502 507 509 
500 506 
502 506 508 
130 137 138 
134 
135 137 
135 138 
131 133 135 
130 138 139 
131 135 138 
135 138 139 
138 
131 137 
773 777 779 
774 776 
770 777 779 
773 776 777 
771 773 775 
770 777 778 
774 
775 779 
773 779 
770 771 778 
830 
830 834 838 
834 837 838 
832 835 838 
831 835 838 
832 835 839 
830 835 836 
832 835 839 
836 837 838 
833 834 
21 23 25 
25 28 29 
21 22 25 
21 27 29 
22 23 26 
24 27 29 
22 23 
29 
22 28 
26 28 29 
332 338 339 
330 331 334 
331 332 338 
330 
333 337 339 
330 338 
332 338 
332 335 339 
332 333 334 
334 336 338 
943 944 945 
942 943 944 
943 944 
940 941 947 
940 948 949 
940 943 944 
946 947 949 
948 
946 949 
941 944 946 
950 954 956 
951 955 958 
954 955 
951 
950 955 957 
950 955 959 
950 952 
954 956 959 
950 953 954 
950 956 958 
551 556 
553 558 
553 555 
551 554 559 
553 555 
552 
550 553 558 
554 555 
552 558 559 
551 552 555 
430 431 439 
430 438 
430 435 
430 431 436 
430 439 
433 434 437 
431 436 437 
433 434 439 
433 436 439 
434 435 438 
571 578 579 
571 578 579 
576 577 578 
570 571 577 
572 574 577 
573 577 
571 576 577 
571 573 576 
571 572 
570 575 579 
581 584 588 
582 584 589 
581 582 
584 585 586 
582 585 588 
583 584 587 
582 584 585 
580 586 
581 586 
586 589 
171 174 175 
171 178 179 
170 175 178 
172 173 174 
171 177 
171 172 173 
171 172 178 
172 176 178 
171 172 179 
172 173 
471 476 479 
470 472 479 
471 479 
471 476 478 
474 477 479 
470 
471 476 
470 473 477 
470 472 479 
470 475 478 
372 375 379 
375 376 
372 373 376 
374 377 378 
372 375 377 
376 377 378 
370 378 
370 377 
375 376 377 
372 373 377 
85 87 
82 84 89 
84 85 
84 89 
83 85 
85 86 88 
81 82 88 
81 82 89 
82 84 85 
80 81 84 
352 353 357 
350 355 
350 351 354 
359 
356 358 
354 358 
351 352 353 
354 359 
353 356 
352 356 
402 407 
400 401 405 
400 403 408 
401 402 407 
403 405 406 
402 406 408 
406 407 
405 408 
402 403 407 
405 407 
993 994 999 
991 993 998 
990 993 994 
990 995 996 
990 999 
993 994 997 
992 994 999 
996 997 998 
990 995 
992 994 995 
760 765 767 
760 768 769 
762 765 768 
765 
760 762 764 
766 768 769 
764 765 766 
760 761 764 
762 766 
765 768 
731 735 738 
733 735 737 
732 734 739 
730 734 735 
731 732 
730 731 739 
731 739 
734 737 738 
733 736 
733 734 737 
721 722 724 
724 727 728 
725 728 729 
726 728 729 
721 723 726 
723 727 728 
720 721 727 
722 724 729 
720 724 727 
722 723 726 
102 103 109 
100 103 108 
102 103 104 
100 103 107 
104 108 109 
106 107 108 
103 105 
105 106 109 
101 102 109 
102 106 108 
973 978 
974 976 977 
970 973 976 
971 976 977 
974 978 
972 977 979 
972 976 977 
973 
972 973 977 
972 973 978 
510 515 519 
517 518 519 
511 518 519 
510 511 516 
510 511 514 
510 517 
511 512 516 
513 517 519 
512 515 517 
517 
410 411 412 
415 
412 417 419 
410 411 418 
411 413 416 
412 
411 416 
415 417 
410 412 418 
413 418 419 
793 794 799 
790 794 798 
791 796 797 
796 799 
791 795 797 
797 798 
791 795 798 
791 796 798 
790 792 798 
791 795 797 
965 966 967 
961 967 969 
964 965 
964 968 969 
962 966 967 
960 963 967 
963 965 967 
962 964 966 
965 968 969 
962 965 966 
825 826 829 
821 825 826 
824 826 828 
822 823 826 
820 821 824 
822 828 
821 822 823 
822 
822 828 
821 829 
274 275 277 
271 278 279 
272 273 275 
276 278 
273 274 275 
271 273 277 
270 273 276 
277 278 279 
270 273 278 
277 
782 785 786 
785 786 
783 785 786 
783 785 788 
781 784 786 
780 781 787 
781 784 785 
780 783 787 
786 787 788 
781 786 788 
921 922 927 
923 927 929 
920 921 926 
920 927 929 
924 927 
920 921 
920 927 929 
923 925 
926 929 
920 928 
362 365 367 
369 
363 367 368 
364 367 369 
365 367 368 
362 364 366 
361 363 369 
365 366 
362 363 368 
360 369 
141 142 
141 143 148 
142 146 147 
144 146 148 
141 142 
140 141 
142 149 
142 143 146 
140 145 149 
142 143 146 
50 58 59 
51 53 54 
52 58 
54 55 56 
50 51 55 
51 52 56 
54 59 
50 58 59 
50 51 54 
50 56 57 
323 327 329 
324 327 328 
320 322 323 
322 323 325 
321 323 328 
322 327 328 
320 325 
320 327 329 
322 325 326 
323 328 329 
643 646 647 
641 645 648 
641 648 649 
643 647 649 
641 646 
640 645 647 
644 646 649 
642 643 644 
641 643 647 
641 644 
112 114 118 
112 115 118 
112 113 115 
112 117 118 
110 112 119 
110 117 119 
111 
115 116 117 
110 113 116 
113 116 119 
90 94 98 
97 98 
96 97 99 
90 95 99 
91 94 95 
94 96 98 
91 92 95 
91 96 
94 96 
91 93 
715 718 719 
711 714 717 
715 716 
711 717 
714 716 717 
710 712 715 
712 716 717 
711 714 719 
711 716 
712 714 
192 198 
190 193 194 
191 195 198 
191 192 197 
190 193 198 
192 193 196 
191 192 198 
192 195 197 
191 198 199 
198 
931 932 934 
931 939 
930 932 934 
931 932 938 
931 932 935 
936 937 
930 
933 934 939 
935 
930 933 
703 704 709 
700 704 709 
704 705 709 
704 706 708 
700 703 708 
702 703 705 
703 
700 703 707 
702 703 709 
701 707 
452 453 458 
456 457 458 
452 453 
451 452 459 
453 455 458 
451 456 
450 452 454 
451 455 456 
451 453 455 
450 457 
43 46 49 
41 42 49 
46 47 48 
44 45 46 
41 42 44 
40 42 45 
40 44 47 
41 48 
41 45 46 
43 45 47 
621 626 
624 626 
621 629 
626 629 
623 624 629 
620 622 626 
626 629 
623 626 
621 622 623 
627 
203 204 209 
202 207 209 
200 208 209 
201 207 208 
201 203 207 
201 
202 203 209 
200 207 208 
203 205 207 
201 207 209 
635 636 
636 637 
630 631 639 
631 634 637 
634 637 
633 634 
634 
635 639 
630 631 633 
633 637 
486 
480 481 487 
480 
480 482 483 
481 482 484 
485 487 488 
481 482 487 
480 482 
481 485 486 
480 481 488 
490 494 495 
491 492 496 
496 497 499 
494 495 498 
497 499 
491 495 499 
496 497 499 
491 492 494 
495 498 
491 495 498 
212 214 218 
213 217 
214 215 217 
210 211 
213 216 218 
213 214 219 
210 214 216 
210 218 219 
214 
210 217 218 
660 663 669 
662 664 668 
664 665 666 
664 666 668 
663 664 665 
660 664 665 
661 662 669 
663 664 668 
661 664 665 
665 667 668 
653 654 657 
655 658 659 
651 652 658 
652 653 655 
650 651 656 
652 656 657 
651 653 654 
656 657 659 
655 656 657 
650 651 
885 886 
882 887 889 
883 885 889 
886 
883 886 887 
880 883 888 
884 887 
880 883 889 
882 889 
881 882 889 
865 869 
861 866 869 
864 865 869 
864 867 869 
864 866 869 
862 868 
863 864 866 
862 868 
862 866 868 
865 866 869 
692 698 
691 692 
693 695 696 
690 699 
692 694 695 
696 697 698 
691 697 
694 696 699 
692 693 696 
698 
753 754 755 
751 757 
751 756 758 
750 756 759 
750 756 759 
752 759 
750 753 757 
752 754 
751 752 756 
750 752 759 
560 568 569 
560 564 
560 567 
564 
560 564 567 
562 567 
561 564 
560 565 569 
565 566 568 
560 565 569 
242 245 249 
243 249 
241 242 
240 242 246 
240 241 244 
242 244 249 
242 248 
243 245 248 
240 243 244 
243 246 
292 296 
290 293 298 
291 295 
290 291 292 
292 298 299 
290 296 298 
291 294 295 
294 295 297 
293 295 297 
290 292 294 
522 524 
526 528 529 
520 521 527 
520 523 526 
520 521 526 
522 525 528 
520 527 529 
523 527 
522 526 
522 524 528 
421 423 425 
425 428 429 
420 421 425 
420 423 424 
422 423 
420 425 429 
421 429 
422 425 429 
421 426 429 
424 425 427 
740 743 
742 745 746 
745 746 749 
744 747 749 
741 743 744 
740 742 747 
747 748 749 
746 747 748 
740 746 747 
743 745 747 
461 464 468 
460 461 467 
461 462 
461 462 464 
460 461 464 
461 463 468 
460 465 
464 467 469 
462 466 468 
460 461 465 
164 166 
166 167 
161 163 168 
163 167 
163 164 168 
166 168 169 
160 165 169 
163 164 167 
161 166 
162 168 169 
612 617 619 
613 616 617 
614 615 617 
613 614 615 
611 617 619 
615 616 
610 613 614 
610 611 615 
612 613 614 
611 612 614 
120 121 122 
125 126 127 
121 126 128 
125 128 129 
121 123 129 
124 128 
126 127 
123 124 
122 127 128 
122 124 
902 906 909 
906 909 
901 902 909 
903 907 909 
901 904 909 
900 905 908 
902 905 909 
904 905 
901 906 907 
907 908 
